P2
128 128
255
160 151 77 169 201 80 78 62 75 85 38 67 158 127 162 95 187 202 90 139 216 51 124 124 48 96 119 181 123 156 125 188 165 164 145 204 179 158 94 69 114 181 77 147 125 199 77 179 150 85 210 166 184 189 73 179 148 83 179 157 89 77 78 165 171 96 153 199 98 205 109 162 198 165 153 49 146 175 221 199 184 201 186 174 100 95 131 129 103 87 171 191 134 172 137 129 124 117 186 118 207 167 199 117 87 105 145 110 212 135 111 156 233 177 102 202 108 169 150 141 215 198 155 200 153 106 180 146
95 83 60 95 62 41 54 166 179 149 128 223 169 73 56 174 80 77 181 206 195 160 99 156 204 199 211 104 192 201 213 125 166 114 175 149 140 60 201 162 158 158 121 88 73 43 120 166 56 93 175 106 135 179 100 110 63 70 64 123 144 126 144 150 149 107 178 179 171 195 185 162 155 89 186 136 133 83 74 162 98 99 65 121 126 90 156 85 72 160 73 108 114 208 196 176 206 134 66 204 172 82 170 199 202 184 204 179 110 114 165 172 210 202 100 136 120 231 162 201 104 164 226 147 171 135 105 73
63 161 72 127 77 123 146 113 118 200 181 191 199 177 175 111 155 170 128 148 135 208 178 158 189 79 143 151 208 154 158 83 205 196 105 72 146 148 97 187 96 195 116 184 159 145 90 167 178 55 43 92 134 131 58 86 77 130 177 111 77 48 64 86 99 177 66 83 68 96 117 102 172 158 144 82 99 125 127 84 64 148 146 117 73 162 85 86 103 159 147 155 94 157 168 161 143 189 121 124 229 150 174 194 206 66 179 99 95 160 213 151 233 230 88 182 88 165 127 202 201 87 174 166 227 88 106 90
38 52 189 165 127 198 134 131 189 158 137 110 185 187 169 134 170 133 210 178 145 82 107 178 106 210 175 175 155 169 96 85 120 92 72 116 164 121 145 145 150 62 67 104 117 67 143 146 131 76 57 60 80 70 146 103 63 59 106 56 68 106 77 97 80 78 136 76 176 59 115 72 106 153 86 156 96 82 116 70 73 114 103 153 141 110 94 88 155 135 138 189 178 182 88 174 167 124 111 85 67 187 126 85 123 150 182 140 131 117 106 181 156 72 211 228 221 189 204 116 151 89 146 121 102 115 171 100
84 109 22 65 73 199 124 192 140 162 156 79 176 138 117 198 137 126 235 131 123 155 168 194 151 128 196 174 103 116 125 227 166 159 156 139 136 76 89 77 64 82 145 39 43 106 103 52 110 56 97 74 128 114 85 118 78 56 66 38 94 154 62 73 53 67 70 140 102 153 174 113 185 190 161 176 127 83 143 143 160 126 107 150 89 187 154 120 192 187 162 219 150 126 161 137 162 166 110 109 107 111 198 59 210 218 129 114 213 55 205 156 168 187 216 104 217 208 236 184 94 190 188 136 129 102 111 141
159 55 48 68 100 65 197 162 67 190 217 145 129 126 149 116 100 153 166 182 118 86 170 168 146 147 93 72 200 134 67 149 159 192 131 131 55 126 86 134 157 87 192 126 96 58 65 170 104 171 84 68 158 62 72 129 120 74 175 125 161 99 125 110 70 94 99 135 177 123 195 189 232 184 232 126 110 93 54 68 197 129 210 156 199 180 187 176 93 192 124 156 136 166 104 176 119 154 165 156 84 175 76 171 120 104 136 109 176 196 139 189 158 97 154 72 113 174 136 139 111 88 96 86 136 113 80 78
89 36 117 63 43 178 127 149 143 199 196 201 115 192 94 102 174 167 159 137 161 76 164 139 88 202 129 88 85 68 78 178 139 118 100 120 125 216 151 221 63 121 102 140 105 46 62 59 162 176 89 106 82 162 133 146 140 125 139 99 186 113 64 110 137 172 141 188 210 204 169 211 139 174 133 124 138 73 90 211 119 178 192 138 186 188 134 82 77 95 162 174 184 114 86 149 77 70 80 90 83 192 68 145 106 190 65 167 217 58 184 96 180 222 192 171 151 208 148 192 208 158 175 209 78 165 160 84
121 56 154 90 153 73 131 84 97 83 170 182 90 125 144 80 162 114 121 90 98 133 92 84 106 63 159 105 141 149 196 74 46 90 187 166 111 75 155 103 66 58 120 88 125 186 53 65 46 69 106 136 180 109 168 111 170 148 206 219 143 69 103 165 147 175 164 180 157 153 167 206 141 104 87 96 67 68 83 94 104 92 77 84 100 119 80 118 78 75 107 62 92 103 113 113 69 103 94 47 73 77 65 102 110 78 210 105 128 198 186 47 100 120 188 198 201 151 166 168 117 195 201 155 106 82 105 82
64 165 84 95 153 78 180 128 174 147 114 180 220 196 178 213 131 206 107 64 80 180 144 78 111 62 66 167 106 141 134 114 70 79 63 141 69 76 124 53 78 119 114 109 69 103 56 85 65 58 82 59 60 76 185 82 201 134 172 121 154 167 82 98 104 95 158 218 147 170 136 139 90 63 78 66 97 113 179 115 66 76 96 97 86 63 69 78 96 93 64 64 73 64 96 65 72 73 44 57 176 184 93 60 77 64 116 63 197 130 96 125 197 154 206 135 165 202 145 154 200 191 131 102 181 191 113 171
73 106 39 82 194 165 119 226 59 116 156 137 236 216 141 102 109 217 114 127 88 66 53 137 62 194 125 76 125 94 48 65 115 87 72 74 93 76 67 74 70 59 57 48 55 73 82 43 52 69 59 57 85 73 116 169 111 149 128 73 156 97 128 55 49 83 80 126 84 95 103 84 83 87 77 80 74 82 86 72 75 73 53 65 73 75 94 69 95 78 55 64 103 75 108 62 78 63 74 52 62 79 99 162 89 58 151 95 186 181 136 113 190 181 164 205 147 127 167 182 140 72 87 199 134 182 196 181
69 121 80 108 139 168 204 116 199 194 74 194 199 153 124 213 153 78 77 100 222 107 118 102 107 198 100 45 82 131 82 59 80 146 65 57 62 60 79 58 69 72 94 54 56 67 69 68 59 67 69 58 69 76 83 73 85 111 116 58 114 106 79 65 72 159 92 69 70 82 58 67 74 73 80 105 79 76 93 76 77 66 58 51 65 43 37 52 68 62 85 153 89 82 59 64 83 56 133 62 76 78 72 63 59 199 123 168 180 235 108 99 174 189 164 218 135 205 246 211 215 84 170 141 119 161 149 195
87 159 124 106 43 190 83 73 105 169 206 190 170 102 160 143 158 118 135 136 95 66 69 67 69 46 77 65 57 67 47 99 72 74 106 52 84 72 49 51 53 69 64 68 66 72 78 51 64 66 45 82 73 60 90 74 74 75 83 67 59 73 74 63 49 65 66 67 79 88 69 56 49 60 42 45 63 76 55 86 78 121 119 171 172 140 167 120 57 45 46 37 114 52 74 66 54 87 53 48 74 75 98 76 74 107 94 82 98 124 102 127 79 84 184 199 221 182 207 215 167 146 111 184 154 159 143 105
58 57 157 137 70 139 125 106 174 151 192 177 135 88 70 192 198 146 195 176 216 129 49 87 89 63 59 117 52 64 43 48 59 79 67 80 64 65 48 44 69 46 56 49 49 41 32 45 49 51 37 52 70 67 57 76 72 69 64 66 80 141 170 75 97 92 84 74 75 75 59 46 67 109 151 131 90 57 60 109 156 159 154 129 131 164 150 146 128 189 45 37 51 87 72 74 86 68 88 75 69 85 84 76 82 154 200 222 219 196 138 117 177 209 151 100 115 176 221 135 185 207 172 106 125 204 187 75
143 181 115 135 97 129 189 192 121 172 89 94 149 109 164 172 135 189 176 93 100 147 127 161 118 53 63 54 65 46 105 68 62 62 49 34 73 33 36 72 153 144 153 147 110 140 124 124 116 42 56 151 56 49 38 49 69 53 53 59 90 57 139 175 97 83 70 100 80 62 97 120 76 125 157 127 62 42 177 148 171 155 128 37 46 124 170 150 120 200 36 49 141 141 165 92 87 83 85 88 97 77 90 172 77 141 74 179 220 150 113 186 220 126 100 194 228 166 133 174 177 218 72 73 174 149 207 74
174 102 156 175 105 139 216 141 175 157 194 160 108 212 212 159 138 136 87 106 116 57 46 74 65 88 123 44 120 62 45 128 84 73 96 108 48 31 140 125 158 151 141 28 59 79 137 98 137 192 47 73 116 130 94 43 52 37 51 77 57 74 100 78 63 68 94 64 58 74 170 95 107 177 146 74 59 62 192 157 165 167 108 44 32 136 168 148 151 198 42 83 134 88 170 134 82 92 105 102 83 58 89 110 123 134 135 213 157 191 164 180 195 170 162 226 221 124 136 216 205 192 216 176 74 76 55 215
76 125 165 201 82 165 86 154 208 123 136 180 151 230 197 166 156 154 190 205 149 159 118 88 58 111 59 55 44 65 80 94 87 111 89 67 189 19 175 133 125 158 129 56 48 52 138 98 146 199 31 52 117 97 79 64 32 34 73 66 105 63 103 60 56 97 76 70 54 76 100 92 155 116 55 51 39 38 75 124 153 167 172 144 153 158 150 135 130 211 32 57 146 162 121 153 114 86 108 107 139 90 157 94 181 165 191 146 209 199 198 194 141 115 106 141 182 137 179 215 165 177 166 197 218 171 67 143
103 172 144 144 121 90 221 75 78 85 153 141 129 198 188 131 188 171 194 151 195 69 110 78 80 68 179 57 57 88 79 92 131 181 140 51 64 51 74 103 136 137 166 149 144 144 135 130 138 147 25 23 38 120 141 139 102 59 43 68 63 90 85 116 60 106 97 56 64 92 78 124 195 74 32 47 23 42 48 145 150 156 168 171 172 125 162 131 111 42 62 115 123 169 165 125 167 162 147 167 119 80 115 131 103 143 180 166 176 103 84 77 200 195 195 164 182 209 110 165 190 182 126 134 127 172 67 107
185 137 147 70 60 147 124 144 189 49 89 119 144 208 200 222 206 154 138 138 181 161 169 76 169 136 118 105 118 105 83 123 169 88 125 170 44 43 32 156 133 151 160 156 146 153 140 160 150 24 23 31 182 52 184 116 57 39 36 42 35 54 86 114 64 82 59 76 72 103 129 109 107 52 170 49 47 43 52 46 120 140 158 155 170 165 123 100 60 42 77 74 188 211 179 146 135 115 120 143 137 108 136 135 60 159 205 136 117 190 198 188 196 201 227 102 160 166 149 155 78 84 57 105 154 116 114 80
188 137 124 53 146 146 102 167 145 89 113 126 215 202 134 222 227 145 167 135 187 156 206 159 169 148 145 180 83 92 123 94 134 169 133 179 70 38 45 36 98 135 145 147 172 158 150 123 31 34 54 64 76 95 102 124 83 36 39 41 36 42 85 104 100 58 66 56 62 181 202 128 72 127 169 85 60 55 54 36 29 41 75 77 108 88 145 31 41 192 55 189 178 177 155 167 130 68 143 95 73 143 202 179 205 104 141 196 179 197 190 137 172 113 198 215 235 201 147 219 177 73 213 210 187 220 179 197
180 94 115 151 174 93 93 199 166 161 141 116 191 205 181 156 84 215 188 161 111 169 128 135 153 217 126 117 215 139 67 116 109 198 126 78 51 107 36 35 35 60 62 77 77 116 58 43 24 45 33 67 104 113 104 165 144 87 44 54 56 52 80 97 92 41 195 97 62 87 143 111 92 47 177 110 63 55 38 63 39 43 32 17 22 27 15 109 217 84 176 191 198 178 153 90 97 73 66 208 198 66 158 204 215 162 211 151 161 223 210 195 187 158 125 159 186 230 162 210 127 128 64 99 133 175 115 110
192 102 136 118 186 155 128 159 194 192 198 218 165 187 187 108 190 146 82 89 119 200 184 186 148 64 141 133 134 99 216 105 148 97 200 133 84 65 160 55 31 41 43 38 44 25 19 29 18 24 218 68 98 56 52 204 158 68 62 73 28 89 64 49 64 115 125 215 63 123 78 74 52 131 143 185 89 210 66 72 44 33 24 58 138 160 147 60 120 151 190 204 116 139 120 84 68 95 175 145 123 80 148 139 82 159 209 165 155 175 208 119 180 231 127 196 181 201 165 190 140 85 147 201 160 104 82 205
129 64 51 161 143 127 171 94 184 217 200 120 116 167 174 181 189 198 167 232 200 161 144 87 194 121 157 148 85 118 130 135 129 128 93 202 78 120 134 73 167 104 33 49 34 44 31 39 60 174 170 192 230 248 227 161 44 104 44 115 109 59 94 133 65 113 76 117 75 55 66 52 89 88 156 73 179 207 57 100 126 211 80 51 66 52 72 198 178 95 184 185 106 60 77 162 158 194 128 55 78 77 227 64 92 194 225 209 164 103 171 181 210 223 170 153 130 179 225 181 185 121 195 184 199 204 110 86
38 56 130 124 180 186 190 90 80 140 205 213 199 213 210 180 73 196 210 204 194 170 58 165 160 104 180 97 136 100 88 164 117 84 100 158 158 65 73 197 113 54 60 67 130 124 73 140 155 130 159 167 96 84 53 43 75 10 52 94 73 70 127 102 106 98 128 157 118 67 104 147 52 55 123 106 177 184 84 139 170 143 125 129 133 208 161 117 191 192 175 76 136 141 106 89 51 165 75 89 83 130 79 134 213 124 181 171 127 125 216 195 139 160 219 218 196 171 174 147 93 139 177 143 222 225 150 107
68 148 186 117 174 180 133 93 55 159 219 195 140 139 156 158 145 160 165 217 215 144 138 98 120 150 87 220 95 197 168 111 125 106 160 179 141 185 149 49 57 111 168 138 118 192 182 195 92 137 179 72 137 136 87 70 78 36 58 106 162 51 59 162 135 109 103 83 104 160 133 74 121 66 51 117 102 155 97 119 182 202 211 174 221 176 209 240 198 115 79 124 113 140 68 96 134 139 89 65 75 100 98 156 155 202 128 155 185 154 146 143 174 189 230 202 136 135 230 192 159 156 194 191 83 199 135 175
66 130 85 65 174 190 160 70 174 209 225 179 197 146 160 171 161 147 104 111 105 136 190 57 102 79 168 150 78 147 118 117 94 170 72 143 119 72 67 115 196 175 194 148 116 140 179 178 156 184 110 97 87 110 138 165 74 37 70 104 133 90 98 126 137 114 110 106 53 141 83 83 90 130 56 52 123 170 87 153 76 55 134 180 82 76 105 114 118 99 69 124 78 156 191 86 148 195 78 209 177 212 111 77 180 220 212 169 191 194 135 166 205 230 221 135 157 160 188 107 198 197 159 135 135 134 213 164
51 39 62 114 99 179 102 131 76 104 179 75 94 172 159 210 195 169 66 159 161 115 119 225 140 136 169 103 48 57 204 75 138 140 130 134 123 98 36 128 123 137 95 147 185 145 136 111 150 159 74 134 120 65 156 138 54 103 95 107 113 93 78 194 83 143 107 137 129 156 137 172 99 76 44 108 133 143 171 177 169 157 115 65 73 44 33 51 89 95 95 135 139 89 104 105 158 93 84 149 78 73 175 158 127 159 176 109 127 113 107 139 237 197 181 219 168 182 146 241 233 128 175 156 131 186 105 72
111 111 144 97 144 67 196 139 201 151 191 93 165 69 148 184 182 148 206 176 107 196 189 124 175 92 185 166 144 58 133 190 116 108 75 120 135 103 98 67 52 53 80 42 102 64 43 65 63 57 95 48 67 37 82 102 94 156 148 144 88 49 46 156 99 119 131 186 159 121 172 65 27 67 168 200 190 190 190 179 197 204 190 200 188 174 165 67 73 96 155 92 97 136 99 85 157 98 68 145 129 118 140 138 209 134 144 195 166 221 149 155 220 139 141 171 231 217 190 217 161 140 114 65 147 141 86 100
68 104 47 208 219 160 147 168 141 186 83 133 164 158 109 162 156 98 219 147 153 188 204 175 158 128 187 79 118 100 128 119 143 151 95 128 126 84 77 95 58 41 56 64 65 88 87 103 114 178 206 201 205 57 23 111 56 160 147 141 104 31 121 168 151 141 164 140 123 73 80 37 48 58 180 192 185 202 192 208 202 210 195 201 159 169 154 154 130 100 75 136 128 125 136 96 60 171 74 177 117 145 174 117 157 222 157 106 189 222 206 222 157 201 196 139 206 238 182 156 204 220 198 198 116 129 109 90
63 105 125 59 187 84 127 156 161 226 84 83 184 191 192 88 135 185 195 200 213 89 104 229 115 174 103 179 86 108 68 117 143 156 55 59 68 64 66 56 93 145 127 172 178 172 185 186 189 184 182 160 197 201 82 72 111 213 135 171 58 53 98 172 154 120 113 169 179 100 63 92 68 89 207 213 206 225 211 198 202 181 154 144 120 108 125 72 58 65 58 79 87 89 147 63 67 138 126 79 96 186 197 118 149 131 205 222 147 196 198 192 198 153 110 162 220 238 209 144 231 87 140 54 179 221 130 135
53 134 180 140 130 108 69 174 157 109 159 192 127 96 185 69 167 169 220 82 135 133 159 162 187 178 146 199 70 64 83 63 156 57 96 70 93 51 70 42 41 84 145 178 189 187 204 192 187 181 198 192 190 175 87 42 58 133 155 100 78 64 55 206 94 150 143 134 181 117 59 48 82 124 194 221 221 219 212 198 166 180 195 179 179 194 162 171 128 92 109 94 127 83 79 89 135 63 149 125 210 126 150 107 159 128 89 148 75 140 201 168 200 204 184 158 179 157 153 148 165 167 166 218 199 119 137 80
82 167 211 159 147 87 210 131 184 76 182 90 160 162 147 155 197 185 182 216 202 171 99 153 189 131 172 98 103 104 80 126 135 83 110 87 88 64 51 120 105 111 130 143 159 185 190 191 190 206 205 207 194 179 133 77 69 133 164 111 86 77 84 219 144 140 130 125 141 147 51 75 108 199 226 231 208 196 190 206 202 199 195 186 184 188 179 196 172 124 79 124 99 105 202 136 125 77 59 180 96 63 76 96 205 176 205 110 168 156 208 150 160 75 197 182 119 119 148 117 181 113 213 174 200 94 182 127
100 154 104 148 77 98 139 117 94 189 107 155 166 65 99 129 118 127 99 182 175 177 90 68 199 160 168 116 133 185 79 115 49 53 141 170 120 99 109 136 159 178 176 114 96 177 197 196 206 192 208 198 215 157 103 44 149 137 156 133 80 94 116 182 141 137 128 118 141 194 130 84 85 205 220 222 181 191 204 200 207 194 198 182 188 174 187 146 129 139 82 60 55 82 88 129 106 70 196 93 162 133 107 86 186 138 208 133 161 176 197 170 181 184 185 199 171 212 131 154 149 208 200 178 181 134 92 161
66 158 188 118 146 156 202 213 116 188 202 164 188 190 199 216 80 66 215 174 175 190 148 166 196 130 145 95 207 80 73 88 115 97 79 85 48 64 77 185 166 185 182 182 159 104 190 199 207 207 202 211 213 178 130 77 83 179 147 156 95 99 125 167 140 141 135 137 129 157 127 100 97 199 218 202 187 198 211 212 199 211 200 200 189 156 150 139 144 149 147 130 135 111 144 89 116 84 149 68 62 172 120 211 150 174 100 130 130 227 205 194 189 140 192 155 213 185 191 147 171 192 227 204 207 86 136 174
123 119 125 85 90 144 143 185 200 170 166 208 160 181 159 126 209 217 105 141 158 177 138 126 159 133 119 198 131 117 96 96 70 140 149 70 107 138 120 168 187 194 177 189 197 186 157 196 210 225 204 204 205 161 159 92 119 186 168 145 98 109 113 172 138 136 144 126 145 155 148 103 114 205 199 194 221 206 208 211 206 210 195 191 130 171 172 166 190 188 182 161 153 115 100 154 111 116 180 99 79 94 118 95 95 164 134 222 179 184 213 210 172 156 175 204 228 169 226 231 169 69 146 129 159 109 206 188
110 69 79 82 97 182 109 78 157 155 166 188 200 235 141 60 45 80 99 130 169 83 128 119 128 195 143 78 148 56 84 60 55 158 88 79 161 181 162 106 177 180 176 197 196 196 177 175 209 211 197 206 187 182 136 121 103 174 167 127 103 111 135 180 141 150 140 149 157 158 155 73 114 179 189 208 205 213 210 206 210 210 191 158 168 180 178 191 195 188 194 170 117 127 131 169 121 85 143 133 144 146 95 144 190 217 137 154 188 192 192 121 190 96 98 164 143 180 201 221 114 98 70 223 131 128 57 117
82 114 90 169 76 66 165 113 53 176 151 87 151 167 137 137 200 186 178 195 123 66 202 133 140 115 70 111 49 92 115 135 140 108 75 118 176 185 186 188 144 192 189 199 209 204 202 189 199 208 227 219 205 205 127 124 162 182 148 125 123 103 138 151 165 141 130 149 141 141 125 136 126 201 213 209 211 208 208 218 209 184 169 186 186 168 196 179 186 185 169 127 113 60 125 150 129 148 104 174 134 106 89 115 185 130 198 164 134 171 127 145 151 198 211 225 177 171 181 165 121 88 115 119 184 136 84 85
115 104 166 99 162 80 67 199 213 170 93 137 188 130 206 182 201 210 172 121 98 208 78 127 55 87 149 116 117 150 147 121 145 107 37 168 186 186 178 189 150 176 177 191 192 207 195 191 196 210 229 225 199 174 129 126 166 180 140 115 109 120 145 176 144 135 130 143 160 138 165 148 120 206 202 209 220 199 213 220 196 185 189 189 195 186 199 190 177 157 148 159 161 96 138 123 151 119 130 158 105 160 96 159 171 120 136 211 154 153 169 157 217 221 235 212 212 204 191 165 184 145 80 190 230 148 96 84
127 204 95 62 115 120 125 155 84 120 138 73 140 150 207 133 135 188 172 131 95 106 98 125 161 127 162 158 118 138 155 136 59 72 72 147 176 195 191 194 201 159 186 195 199 207 200 188 208 202 226 231 202 181 126 90 202 145 135 136 105 123 135 155 144 137 128 131 126 154 161 186 150 186 190 206 201 213 226 201 180 191 191 198 207 194 196 185 134 151 185 186 182 113 88 119 118 172 181 94 113 197 199 198 114 94 192 164 197 143 169 185 135 211 188 206 211 211 208 201 177 127 145 157 144 164 130 143
118 135 111 104 86 59 88 198 159 63 149 85 195 136 130 167 83 169 182 168 165 210 204 127 172 147 191 72 144 121 77 123 160 33 64 134 187 192 197 194 179 157 186 195 201 200 208 204 209 190 198 215 206 199 121 144 190 161 144 129 145 128 139 154 140 153 146 136 140 141 164 168 121 197 204 206 212 223 221 190 195 192 204 197 189 205 195 154 157 198 198 206 179 143 172 104 125 113 181 167 87 144 194 184 114 133 212 140 121 125 149 135 139 164 208 199 119 162 232 196 84 89 167 119 167 186 79 114
111 116 88 154 59 138 190 154 111 151 157 147 197 161 114 165 154 195 200 97 148 118 117 99 161 178 118 92 94 126 177 184 137 109 98 90 182 198 205 199 195 206 159 194 204 202 205 211 208 209 211 221 201 160 127 130 178 135 160 160 123 128 181 153 144 155 148 130 135 135 144 157 119 195 202 199 219 216 207 205 210 199 205 200 185 190 186 161 162 189 194 195 187 174 118 133 102 178 125 145 157 130 195 143 145 200 175 191 208 157 139 206 205 141 175 186 168 188 186 177 245 143 137 106 137 144 128 123
206 95 47 138 168 125 85 68 119 127 174 97 139 197 94 139 205 191 181 158 77 133 92 124 191 185 74 141 146 99 120 115 107 131 151 123 180 187 200 200 199 189 182 186 196 198 206 209 209 206 200 226 222 147 137 153 164 116 147 115 143 153 166 166 146 141 151 147 143 150 165 162 147 192 198 211 221 220 219 202 207 205 201 197 204 187 170 186 190 192 191 191 184 157 115 98 161 160 130 149 229 199 201 166 119 182 194 174 181 176 180 144 197 140 170 151 172 154 213 210 180 135 134 176 76 109 157 118
85 82 136 56 170 125 68 88 169 144 84 116 89 158 106 114 68 144 94 124 177 119 136 121 150 202 198 171 98 182 106 65 104 111 179 153 178 188 200 191 204 192 180 170 206 200 197 192 202 202 207 223 221 174 130 154 165 140 133 115 130 149 166 155 141 127 136 137 130 180 159 144 168 202 209 216 228 220 196 210 221 209 208 198 201 188 186 191 205 190 198 200 175 141 107 170 181 185 118 95 190 229 155 116 170 199 165 151 117 147 195 209 213 126 95 136 199 123 127 149 159 155 175 115 166 164 135 123
116 148 176 72 146 110 162 95 51 144 74 145 120 49 190 172 102 187 124 150 191 145 146 103 179 170 162 143 75 147 107 79 89 127 165 168 178 192 180 188 204 210 182 169 199 205 205 200 207 208 191 218 210 177 127 151 169 158 136 130 141 143 141 160 134 135 136 127 136 164 160 182 171 192 216 226 220 219 199 211 215 196 190 206 189 168 196 200 199 167 191 184 179 117 141 136 137 158 156 141 188 211 159 143 157 159 172 181 190 180 179 170 160 161 169 212 186 192 130 198 165 202 179 110 79 157 74 117
93 120 111 92 72 160 146 190 160 105 127 124 162 95 70 48 64 170 191 150 172 117 180 190 167 124 76 118 171 68 51 128 51 175 171 167 131 190 200 196 196 206 208 178 198 194 217 201 205 199 204 206 206 160 137 149 170 135 134 129 127 146 150 157 136 137 133 137 135 153 158 160 186 209 220 231 222 200 212 202 207 194 207 200 179 184 204 202 199 202 194 179 168 148 166 138 159 119 131 87 177 178 204 180 213 167 149 202 204 186 153 176 170 144 156 161 196 167 228 172 181 171 133 129 73 155 111 124
118 103 136 136 93 182 140 133 105 96 184 165 166 161 157 160 220 165 158 178 192 144 118 166 134 141 146 171 93 131 55 82 113 134 186 190 118 176 177 196 195 204 207 207 187 210 211 195 201 202 206 197 217 153 130 139 137 135 125 128 135 144 166 162 159 141 133 131 137 137 153 150 151 206 209 232 211 201 215 206 205 208 204 200 199 197 204 211 192 194 190 189 160 174 171 148 86 98 144 186 160 145 216 197 150 170 177 156 178 143 155 215 167 130 154 140 154 212 110 155 109 182 114 100 85 92 144 161
114 88 90 64 129 92 120 113 82 198 190 138 176 89 76 92 116 171 166 148 105 149 219 168 160 160 99 62 64 119 109 138 93 121 195 200 158 187 194 200 207 204 209 191 181 198 201 198 201 199 201 197 222 150 146 157 155 129 126 120 124 175 151 172 139 141 140 129 130 139 147 171 162 220 223 219 197 206 206 202 209 206 199 180 192 206 200 201 187 196 184 185 188 188 170 144 125 136 153 134 113 114 189 178 108 129 137 212 178 199 194 134 195 148 159 114 127 114 136 178 178 196 158 175 150 90 154 86
110 166 102 151 125 96 64 100 149 165 206 77 57 92 171 176 155 176 211 123 161 139 194 138 75 165 75 121 124 120 103 46 90 165 195 200 189 176 198 177 208 197 195 190 197 196 211 212 207 194 198 204 218 143 136 138 135 134 125 116 129 135 148 154 143 140 134 133 137 134 137 154 168 212 226 210 208 210 197 201 221 212 194 192 191 202 198 201 197 190 179 161 190 191 191 157 99 127 166 175 137 124 192 209 174 144 145 213 223 145 144 216 216 171 147 221 187 88 177 166 56 124 155 160 111 180 92 150
155 57 75 117 98 105 67 97 208 100 192 73 92 72 124 176 160 175 128 111 133 115 145 84 165 104 158 187 174 169 100 29 108 156 190 187 199 143 187 188 195 197 191 201 187 213 200 218 208 198 204 210 211 148 135 161 157 133 134 121 135 144 147 153 165 131 138 139 131 135 138 147 165 217 208 189 212 215 197 218 208 205 194 187 209 215 202 190 207 191 188 171 188 204 187 151 131 135 162 156 187 155 169 121 213 92 158 160 177 222 217 150 167 177 201 188 141 219 213 161 134 169 128 178 148 92 97 58
138 82 110 75 93 92 99 161 140 135 135 179 109 104 140 159 153 176 220 143 156 117 155 106 55 175 209 170 118 114 46 88 127 186 199 196 195 147 177 195 189 198 202 211 202 204 199 205 205 192 208 205 195 139 144 153 134 124 128 127 139 137 164 165 156 162 153 134 147 138 153 177 192 221 230 187 217 212 211 212 210 198 211 202 208 194 205 202 202 202 176 182 185 197 202 165 172 125 177 153 111 162 162 83 134 185 188 190 178 204 205 150 219 226 170 139 125 179 133 100 108 150 123 146 179 143 138 121
181 155 78 157 114 137 120 90 157 113 116 167 136 174 75 131 68 219 154 120 184 220 174 143 205 66 200 148 100 58 51 55 147 176 194 189 198 153 181 191 188 197 195 208 202 194 204 218 207 215 199 217 195 144 167 155 137 129 126 125 137 148 170 156 169 143 150 135 131 138 160 144 194 207 201 207 208 205 208 211 207 207 189 211 205 202 205 201 195 194 123 199 195 190 178 159 75 111 100 115 186 146 178 166 155 148 143 126 124 165 94 127 182 197 188 198 172 133 133 223 141 92 129 110 111 113 131 85
138 93 161 136 130 140 65 157 146 77 131 162 149 97 136 209 94 68 157 131 202 151 149 131 204 202 161 179 125 126 76 74 153 182 188 181 195 181 150 190 190 197 199 209 212 195 213 219 220 205 209 200 197 136 179 141 131 133 124 137 135 155 190 165 187 158 155 144 145 135 134 139 207 219 181 204 206 208 212 225 208 201 195 210 211 205 216 205 205 192 167 192 190 199 178 159 105 125 95 131 135 124 133 176 137 207 156 202 139 192 155 205 145 109 93 109 162 211 103 130 147 151 118 176 124 97 137 118
79 125 43 75 128 108 141 48 57 53 93 117 117 105 159 167 105 169 165 202 187 86 58 166 165 144 115 58 47 34 103 103 171 180 192 195 195 191 162 185 188 202 204 200 212 197 205 209 225 204 216 215 185 136 151 157 161 137 125 130 144 164 185 176 176 164 156 145 133 156 158 149 198 215 206 205 206 199 221 204 207 189 209 210 220 206 205 199 192 167 190 180 190 199 185 177 140 131 174 102 110 167 120 184 190 158 107 106 186 169 220 106 138 171 158 184 171 159 120 110 130 69 89 93 95 184 151 133
76 119 43 96 100 146 82 140 111 97 133 121 149 161 84 167 191 117 124 95 188 108 103 116 102 200 48 172 54 49 47 120 176 175 200 194 209 186 169 195 195 201 215 201 215 201 195 229 227 216 197 196 181 147 145 155 136 134 130 128 135 149 172 169 202 172 151 148 144 161 158 147 209 204 197 202 204 215 225 201 212 197 206 209 204 200 194 200 198 184 195 209 192 191 194 143 99 75 107 115 75 68 181 125 118 140 92 104 141 121 140 131 148 145 158 133 98 89 199 106 133 87 161 114 167 157 165 131
174 99 129 131 151 113 102 87 104 164 170 47 102 137 67 158 105 56 110 115 204 116 175 160 166 170 19 43 75 106 80 168 190 130 194 201 212 205 186 135 190 192 198 209 210 207 196 229 226 211 199 197 196 145 143 146 140 136 125 128 140 153 161 177 167 146 134 137 143 136 144 150 205 202 199 209 208 220 218 210 197 204 208 205 194 199 192 196 162 164 188 208 206 178 199 120 63 83 104 68 68 82 189 200 186 175 153 219 180 151 172 169 176 114 141 190 191 138 89 114 124 108 92 96 108 146 146 95
129 126 165 153 182 100 94 52 39 48 83 198 76 89 73 95 124 186 137 107 134 178 170 198 107 86 98 128 66 149 38 159 174 127 186 181 208 207 185 137 174 198 213 211 219 211 201 216 227 212 198 199 187 167 153 156 138 126 124 121 135 177 207 195 145 147 135 133 133 133 141 143 207 196 195 198 206 215 217 202 198 215 209 204 199 197 200 205 147 181 185 204 196 185 189 138 53 181 103 105 88 125 138 212 143 180 146 116 185 175 123 141 134 144 187 128 182 127 117 137 167 146 107 99 113 136 127 166
159 145 128 157 148 84 161 87 88 89 60 130 49 164 73 89 187 166 121 118 79 110 172 133 115 67 74 124 94 70 70 143 188 167 182 190 189 208 189 168 181 204 207 220 210 212 200 201 222 219 199 200 178 190 178 164 133 129 124 129 131 175 191 213 164 159 139 133 144 133 130 126 201 169 200 204 208 235 206 210 200 200 217 195 205 204 196 176 160 201 200 192 201 179 177 98 120 99 89 154 107 149 161 126 137 171 179 191 153 116 179 172 109 131 140 176 149 111 165 130 126 126 165 124 123 108 105 114
157 94 169 139 136 119 108 70 58 148 76 38 33 151 110 123 51 72 83 42 180 160 69 83 95 115 118 84 67 128 42 133 196 195 158 176 189 204 198 184 172 200 212 218 213 207 206 199 229 227 210 200 191 174 174 145 136 126 124 128 130 144 195 194 188 147 153 134 129 134 131 140 205 181 197 199 207 223 210 194 204 210 219 210 199 205 197 158 195 206 205 198 190 179 169 127 69 74 82 80 209 124 64 109 128 190 169 143 175 195 175 104 110 154 170 131 186 92 84 79 134 111 113 110 109 105 118 123
104 76 117 76 116 153 79 69 164 111 58 45 32 119 123 102 96 73 111 168 168 99 105 65 84 110 53 85 65 48 27 98 192 177 89 179 178 195 212 184 167 159 198 213 216 208 202 195 219 231 223 198 174 140 187 144 128 127 128 123 128 179 176 189 138 149 156 134 153 136 140 139 205 186 207 210 220 227 210 199 210 202 223 218 208 204 179 175 195 217 206 200 189 198 136 98 106 62 69 102 124 110 213 130 99 134 146 141 150 130 113 87 177 102 137 146 97 104 84 116 107 160 140 110 158 113 109 128
131 100 103 115 133 107 106 208 127 106 103 77 65 110 128 118 123 150 104 162 134 65 123 48 51 64 70 90 124 73 49 73 185 192 140 175 191 195 211 198 186 170 200 213 205 208 202 186 222 221 216 196 195 124 139 139 131 127 128 124 128 159 197 204 188 147 137 144 136 134 133 157 206 187 201 208 230 226 204 201 213 226 219 206 228 197 160 171 200 216 208 201 201 194 146 94 113 77 79 126 95 155 136 179 118 138 134 124 180 166 167 194 109 179 139 94 96 94 105 139 94 105 119 107 111 148 148 131
164 118 124 159 135 68 136 48 57 105 70 123 47 43 89 124 157 44 67 42 95 138 175 103 66 128 47 80 65 37 51 39 178 194 145 150 186 196 187 212 153 171 187 216 215 215 200 194 215 222 213 207 190 134 149 131 129 125 129 135 145 179 162 191 149 144 137 137 140 126 129 129 223 170 200 210 229 199 191 217 213 223 223 217 208 188 172 180 202 212 207 204 196 186 119 100 77 96 86 110 100 141 136 194 169 119 169 127 135 143 151 127 140 109 136 69 95 171 109 108 123 115 92 124 109 126 126 100
150 155 116 104 90 134 57 55 82 37 86 107 68 106 167 103 99 45 62 96 29 79 75 44 52 57 54 149 77 33 16 63 167 189 182 117 162 178 211 210 194 210 168 208 220 216 206 205 199 217 211 198 184 130 133 128 133 139 127 128 129 165 199 199 167 140 138 131 162 128 131 131 202 190 194 210 223 196 197 218 219 215 209 210 191 162 181 213 206 194 207 209 199 146 117 83 108 105 89 174 93 59 97 116 113 126 177 174 150 189 158 134 175 138 131 97 107 87 110 83 92 88 135 84 119 90 85 103
127 147 143 159 185 135 171 128 82 110 100 147 149 102 134 172 147 102 89 73 82 97 106 98 63 69 48 62 54 36 22 16 181 201 197 127 172 179 197 207 204 202 190 189 200 223 207 204 181 222 215 205 195 127 140 130 131 138 123 135 138 185 188 210 208 140 136 128 140 138 131 130 211 201 202 217 211 162 195 213 223 207 201 200 176 184 174 207 204 202 186 197 188 164 133 92 80 108 120 92 188 114 87 138 161 86 156 144 143 118 184 148 86 141 145 127 106 98 165 107 111 106 115 109 86 102 84 84
104 113 115 143 147 170 105 102 150 85 87 87 95 70 93 113 75 56 75 58 59 73 114 79 37 77 45 74 87 51 31 45 157 199 185 194 135 189 186 201 204 182 186 180 207 215 223 204 187 221 221 196 189 127 125 134 128 130 126 160 139 180 182 167 147 140 137 131 135 133 134 123 206 192 206 211 222 196 205 227 216 211 220 192 155 174 184 217 204 190 182 200 182 148 118 98 109 102 105 86 124 129 89 146 116 156 107 133 117 156 149 103 131 115 129 114 140 153 125 104 116 100 156 100 134 116 96 96
174 131 133 179 155 161 155 125 167 153 187 73 68 99 136 49 80 55 96 98 72 84 58 56 105 80 55 105 47 59 23 8 105 171 179 186 124 172 189 198 210 211 165 170 215 209 197 211 187 204 227 208 194 124 129 138 126 124 121 121 141 166 199 205 207 146 151 135 136 133 139 127 199 201 216 220 195 201 201 222 200 222 217 161 198 181 206 213 197 190 194 188 137 159 108 99 62 149 89 82 85 189 135 128 144 104 149 110 103 94 96 86 92 114 123 121 113 118 102 96 109 94 105 86 111 123 107 113
170 135 144 124 117 168 185 114 127 164 100 145 140 160 147 104 108 162 38 172 136 89 16 57 84 100 102 43 85 84 32 74 68 177 194 198 156 170 197 208 213 213 189 170 195 206 194 194 197 206 215 210 204 136 123 128 124 120 121 134 137 156 200 218 212 191 134 137 130 131 129 141 192 185 197 218 180 202 209 216 210 227 196 159 208 200 218 208 201 191 207 195 171 178 102 106 89 76 109 104 146 115 98 74 80 191 118 73 120 123 145 96 108 107 113 114 103 127 103 96 80 86 104 125 103 110 113 111
162 170 177 143 170 167 164 182 133 179 184 129 133 66 108 129 85 49 111 68 82 126 151 57 68 116 96 63 69 55 27 12 93 171 202 202 158 118 191 192 223 200 184 185 186 200 195 209 196 172 223 207 200 143 129 128 146 128 129 135 131 137 131 227 219 184 155 140 137 130 133 181 194 198 207 225 185 202 215 215 213 226 192 176 204 212 209 209 187 196 199 147 184 148 93 104 84 83 134 172 118 131 117 102 161 103 126 105 119 56 102 140 113 148 94 126 128 103 119 110 93 87 97 105 94 87 92 76
158 206 171 177 151 172 156 146 129 134 144 147 123 100 90 151 144 73 58 58 66 34 38 25 87 59 44 87 106 68 33 18 54 150 190 196 196 136 189 189 210 200 194 204 184 211 210 202 199 177 200 211 198 156 135 126 131 131 128 121 169 157 200 204 217 202 147 141 128 120 124 185 176 202 208 216 194 206 221 213 227 208 160 187 222 215 211 192 197 206 187 155 185 136 57 48 110 100 52 108 171 102 128 169 167 150 144 144 100 75 99 130 66 119 123 103 141 134 116 74 93 134 129 88 121 95 89 107
148 179 199 170 174 147 191 154 168 179 157 141 140 139 139 159 98 124 56 37 55 46 63 86 113 31 51 37 70 29 51 46 74 93 155 188 211 147 188 191 208 221 194 199 181 213 213 198 199 194 201 212 207 164 137 125 124 140 128 127 138 140 201 156 170 167 164 159 131 137 135 220 180 205 231 208 197 207 204 213 225 190 188 192 217 228 217 197 201 195 184 168 174 72 58 100 87 65 68 95 140 114 156 93 93 123 100 121 74 103 139 103 85 103 104 154 115 72 137 118 121 100 80 96 98 85 67 76
164 178 166 158 189 175 147 176 161 160 155 166 190 178 170 170 160 45 90 78 99 87 59 66 65 93 133 63 74 53 46 18 45 78 181 189 229 147 174 189 219 208 212 190 149 213 202 199 208 190 180 216 215 186 129 127 135 155 121 126 137 137 190 137 149 146 147 127 125 134 118 215 188 207 223 177 202 221 194 223 223 140 181 200 229 228 195 195 204 201 134 185 177 134 92 111 49 109 110 88 77 62 117 114 88 94 97 145 120 120 133 135 118 56 100 128 117 120 97 97 114 90 85 99 105 86 96 90
136 195 161 159 158 182 178 210 184 170 180 178 189 175 126 86 63 31 26 46 53 49 80 41 60 31 55 92 65 48 33 51 31 128 131 174 192 212 98 194 189 217 189 200 186 197 223 205 222 206 177 229 209 195 189 130 133 120 123 129 130 170 137 181 134 134 143 127 128 125 178 220 192 196 223 160 208 225 204 221 201 180 207 221 229 221 199 191 201 187 178 177 99 125 68 117 117 116 133 124 69 92 102 74 117 68 161 80 68 109 92 96 127 104 108 99 79 115 106 123 115 109 92 105 84 90 86 113
150 170 168 198 171 177 190 196 181 154 171 150 135 88 57 80 44 86 45 59 78 39 35 86 49 39 56 58 65 67 35 34 19 102 106 151 184 221 164 199 191 225 223 205 157 187 223 215 221 207 185 215 222 202 160 139 126 128 127 121 123 126 136 167 159 139 134 121 127 127 205 207 202 222 218 178 204 229 213 223 174 200 189 225 225 206 202 205 202 139 190 189 95 47 73 54 57 84 110 59 118 126 148 92 89 104 117 139 154 86 114 119 92 95 119 104 97 93 92 107 127 127 88 120 65 82 116 83
166 168 180 188 201 182 185 175 156 165 117 120 76 76 84 74 94 86 73 39 51 48 54 59 39 46 51 55 65 46 77 38 39 141 109 158 180 198 209 177 197 222 225 208 204 149 222 205 199 215 199 218 227 204 165 134 133 116 121 120 133 156 206 196 176 154 140 123 128 118 218 181 206 227 195 198 209 215 216 212 179 176 199 207 220 191 200 202 190 182 191 156 66 102 80 66 64 118 100 116 96 137 84 158 115 114 62 111 82 138 110 137 97 102 80 100 109 135 73 109 93 114 98 116 102 93 68 100
145 168 191 157 172 189 165 186 159 196 172 115 137 138 119 136 133 104 70 116 35 62 83 79 67 77 48 96 47 83 31 22 28 43 175 146 186 184 190 146 186 195 229 208 182 176 177 190 205 212 186 186 219 205 169 145 127 123 123 110 126 131 190 194 150 136 131 123 120 126 207 182 185 209 178 208 205 212 201 209 161 181 191 229 206 195 206 194 114 197 202 131 68 43 49 51 80 92 76 90 110 107 95 126 79 145 117 83 131 92 171 147 70 124 125 107 105 121 90 108 126 126 124 100 111 74 98 72
175 187 179 190 181 177 179 187 134 159 131 161 158 104 127 116 59 28 69 48 56 64 63 57 28 41 48 69 45 69 38 25 23 34 177 89 192 194 202 136 180 187 225 206 175 177 215 180 185 196 190 145 226 200 184 154 129 128 121 120 130 131 133 133 157 141 129 125 123 136 211 199 201 211 120 195 202 202 220 196 181 174 221 217 192 192 205 182 168 187 195 151 72 59 54 47 64 95 116 111 120 93 156 110 95 92 126 138 93 124 99 106 114 93 100 118 115 109 114 87 98 109 92 80 93 100 111 111
181 177 184 192 186 188 162 178 167 174 147 160 180 129 114 74 53 53 46 75 121 56 45 41 32 63 43 51 51 53 43 18 29 28 78 178 149 188 197 185 150 189 197 207 197 184 197 220 216 187 205 177 194 206 194 126 139 134 126 120 130 162 168 136 120 126 124 123 120 197 196 189 229 202 169 206 202 210 200 156 143 197 222 200 196 195 199 107 201 189 168 52 47 94 95 143 109 69 92 88 63 89 139 80 138 133 68 75 98 66 84 123 109 109 108 102 124 107 97 105 121 129 104 116 108 93 95 95
190 207 174 192 178 167 160 191 180 180 161 153 144 154 170 54 74 102 86 96 51 43 70 36 49 48 63 182 94 97 28 48 82 92 57 124 124 178 192 206 139 184 180 211 200 156 148 216 226 213 179 190 195 207 192 129 135 124 119 119 139 140 207 128 144 159 135 136 119 207 161 202 222 154 188 204 208 223 200 131 167 196 230 198 187 161 176 146 200 198 129 98 123 63 52 59 63 85 102 104 84 123 114 107 104 65 82 105 130 102 87 89 121 105 116 116 85 120 125 138 97 116 100 97 109 97 96 89
189 149 159 180 186 178 166 177 159 157 150 157 118 121 99 109 121 82 78 62 68 37 49 33 103 34 22 54 62 123 45 148 42 49 96 117 129 164 180 206 154 186 202 200 194 161 181 215 223 207 195 187 188 206 186 121 128 114 116 126 133 136 165 167 141 159 148 143 129 206 178 222 206 126 198 207 204 220 191 111 169 225 196 197 184 182 107 207 172 177 108 93 110 147 72 63 76 66 48 75 121 92 90 140 108 82 72 75 83 104 84 106 138 143 80 151 131 120 108 108 88 70 82 114 102 103 88 108
162 156 180 186 197 170 167 165 155 150 154 153 128 117 153 149 103 72 95 134 35 56 36 38 41 42 53 47 42 44 52 119 87 36 33 76 149 97 168 184 184 167 187 201 192 144 171 189 206 215 194 197 159 200 174 124 116 115 124 128 158 145 159 169 133 138 136 137 135 185 207 220 201 125 196 207 221 206 177 110 186 222 198 192 189 180 149 170 199 128 119 105 68 60 41 213 94 62 66 69 69 115 70 77 144 202 89 96 80 93 98 130 97 109 97 119 100 129 147 124 114 121 72 84 89 105 107 95
175 185 179 168 179 191 174 164 154 145 143 126 157 164 117 111 134 106 37 33 62 159 9 139 25 32 102 177 77 75 36 22 68 47 27 108 158 99 180 168 174 114 174 198 186 160 128 171 196 189 192 195 131 200 157 130 118 120 126 127 137 140 150 181 135 144 148 165 121 179 212 220 162 174 204 196 198 197 151 151 211 194 191 188 170 123 170 143 181 153 144 72 82 118 64 53 78 86 64 93 94 109 74 103 125 69 68 202 146 89 89 120 62 125 106 110 115 121 114 119 123 114 83 103 80 100 99 87
192 189 176 191 186 168 160 187 161 98 130 162 144 158 138 127 97 55 46 37 43 31 31 172 185 45 35 125 38 62 56 48 43 99 49 44 84 157 128 164 184 145 137 153 178 186 139 159 197 205 191 180 182 141 168 127 133 121 126 134 139 150 157 151 133 138 158 139 125 180 202 149 123 170 191 196 210 184 120 98 186 182 187 190 130 137 189 147 106 190 105 121 102 83 80 111 121 69 76 103 89 90 93 68 96 90 171 117 129 179 116 116 109 85 92 130 87 83 115 145 95 113 103 92 110 86 108 93
182 168 194 204 159 162 141 178 120 127 166 159 161 158 164 126 76 73 83 88 74 102 76 131 55 69 90 85 68 56 33 78 52 57 58 51 110 144 89 167 192 192 77 178 180 177 136 149 190 218 202 179 200 159 133 137 139 129 123 130 143 168 150 148 139 136 128 124 130 150 196 191 126 162 192 196 189 157 131 150 182 160 181 137 85 201 170 121 129 162 82 121 134 102 108 57 60 79 84 86 69 76 104 94 126 111 116 97 86 95 87 97 103 106 105 147 137 143 130 120 114 125 121 90 104 106 93 92
188 192 188 191 167 176 149 137 158 164 155 140 140 150 127 78 109 31 100 38 48 51 53 62 63 49 59 54 73 60 72 45 83 99 94 49 97 121 159 115 190 189 116 113 162 204 113 104 199 197 181 204 179 150 143 124 130 133 137 131 133 140 176 148 134 137 134 130 156 128 207 205 89 191 198 210 200 129 106 140 153 144 188 159 164 196 136 54 128 145 128 105 136 90 104 93 99 88 74 70 67 103 105 82 94 89 113 111 103 88 79 124 128 103 111 90 92 114 117 111 106 105 98 96 98 105 115 118
175 195 202 182 157 184 133 170 162 146 162 140 185 156 127 63 62 48 95 96 60 82 64 63 65 80 109 129 53 84 88 66 56 106 48 86 156 121 147 96 167 139 179 149 155 197 170 98 157 200 148 198 188 138 141 134 126 128 126 130 140 131 148 141 125 133 139 150 146 147 165 182 100 189 219 206 158 107 168 182 169 186 195 118 185 181 56 169 159 126 99 106 154 82 118 80 141 126 103 109 178 113 85 87 90 106 97 107 114 88 86 72 97 100 114 108 111 107 86 100 88 130 135 92 124 106 96 127
192 187 184 180 195 186 171 186 179 188 175 159 179 191 114 73 52 75 60 77 55 103 130 45 24 22 57 51 59 181 202 202 196 62 74 43 103 104 185 156 93 103 166 118 189 192 161 135 180 202 205 198 149 127 134 130 130 131 128 139 140 150 146 139 145 139 133 150 141 129 166 84 182 207 211 205 140 83 206 168 156 196 167 127 155 124 103 185 125 87 99 129 126 125 115 80 66 106 121 88 65 93 121 127 106 109 119 76 110 89 92 80 89 76 117 113 99 117 116 116 129 94 87 129 121 102 107 87
178 200 199 205 199 170 184 185 186 206 160 149 170 141 107 74 93 14 48 145 185 195 201 146 138 96 118 185 159 189 169 27 15 28 59 117 70 87 130 204 63 87 154 66 126 154 164 99 162 204 206 162 137 123 129 130 131 129 144 147 165 189 157 140 146 146 135 141 143 144 135 208 219 212 187 185 115 140 217 145 171 185 89 192 131 52 164 156 116 140 109 124 127 144 138 129 107 48 85 166 105 93 100 120 83 99 78 102 88 87 118 87 107 164 117 139 107 87 95 103 92 99 128 87 124 111 111 121
199 207 200 204 179 184 199 202 206 195 174 168 170 128 129 125 87 67 48 44 43 51 33 156 137 77 127 98 154 80 174 195 175 185 204 137 48 156 113 172 117 55 149 64 111 169 143 182 191 200 154 140 133 133 131 131 139 131 143 147 147 159 151 153 153 136 153 149 136 134 135 153 208 204 199 186 131 93 161 135 135 108 139 168 129 147 182 120 99 144 124 68 85 92 96 140 85 111 69 90 114 149 134 113 110 104 155 77 108 90 84 106 94 113 88 89 106 129 126 76 114 111 103 116 97 120 115 114
188 205 210 202 204 197 206 207 206 179 195 191 154 120 100 171 220 218 205 172 158 113 79 98 98 110 164 157 172 86 192 167 65 52 46 117 89 156 85 73 156 94 115 133 179 185 188 176 144 121 141 138 135 129 133 133 139 128 144 135 157 147 164 149 140 146 153 137 143 131 146 137 144 167 190 185 154 158 175 151 157 93 146 125 96 186 117 103 176 146 136 223 177 113 113 88 59 93 88 95 73 99 125 110 124 133 128 109 100 93 93 94 92 62 89 104 129 97 115 120 92 121 109 118 110 118 115 114
191 201 198 194 199 213 202 199 208 191 188 172 167 201 125 85 113 60 148 48 76 88 170 182 125 217 179 176 166 135 90 88 58 56 70 95 107 62 106 119 97 90 155 118 136 137 138 136 130 133 140 144 139 137 134 146 138 140 144 146 146 146 141 146 151 143 140 149 133 134 137 133 135 138 147 176 186 188 176 187 159 115 204 164 155 146 87 131 94 69 77 75 127 113 184 116 130 89 90 79 108 133 111 133 181 108 120 110 110 146 100 93 98 103 85 94 110 92 107 88 98 109 126 124 94 117 129 123
207 199 200 205 205 195 205 190 210 204 213 174 143 156 154 104 144 89 68 63 90 130 208 200 202 202 197 138 182 206 196 95 69 56 100 126 47 118 109 137 140 94 124 140 130 146 135 135 141 139 144 130 130 133 131 139 135 137 138 151 143 166 145 143 138 155 138 147 134 135 146 146 136 137 143 133 145 136 189 167 179 93 129 89 167 145 189 90 70 121 119 93 100 162 107 102 218 114 114 201 99 84 79 86 75 95 192 106 98 184 128 80 109 117 113 125 118 79 110 99 79 104 128 121 117 119 115 125
201 199 206 209 195 207 200 215 217 216 209 195 160 165 103 149 106 73 98 96 189 143 182 196 195 199 120 133 126 222 170 127 54 72 121 94 111 95 94 100 78 116 128 141 179 150 147 154 149 137 141 130 129 136 144 146 149 138 135 153 136 148 143 147 130 135 146 139 139 131 138 146 139 146 141 141 130 133 137 150 134 159 162 145 124 161 145 129 135 161 106 73 157 129 123 170 130 137 109 98 87 108 119 198 198 95 199 116 153 110 102 78 137 99 117 82 72 96 80 99 113 105 121 147 107 129 134 109
198 209 202 197 205 194 207 221 213 212 189 190 141 150 116 158 104 76 60 68 94 129 145 197 174 131 169 187 175 175 161 25 25 53 77 133 107 106 110 120 93 127 146 129 137 147 154 160 167 149 148 141 135 154 137 156 145 138 147 145 154 133 153 154 136 139 143 135 136 145 157 155 159 165 159 150 158 145 139 137 121 190 153 158 139 129 139 141 97 141 106 107 140 151 149 114 95 149 97 151 121 136 154 96 111 94 135 95 206 113 143 116 87 99 106 95 83 97 105 106 110 118 120 115 134 121 119 120
197 200 202 187 201 206 208 209 204 201 180 165 164 128 139 149 117 97 96 209 103 109 167 176 194 169 213 164 153 151 140 117 64 42 96 58 124 149 128 113 123 129 133 135 125 138 143 148 141 170 181 197 159 159 149 146 140 136 147 145 151 140 153 140 141 133 135 146 148 179 178 200 188 172 167 166 155 169 153 146 120 144 119 141 148 125 156 143 165 174 128 125 161 126 133 105 97 73 79 108 138 146 121 147 158 118 113 198 140 90 97 206 141 129 94 85 115 106 104 79 131 113 110 121 138 123 131 115
187 197 197 194 206 210 211 207 205 208 186 179 172 137 147 153 97 97 167 157 198 174 192 227 143 117 208 213 164 181 174 213 38 62 67 125 56 102 118 94 135 139 126 129 127 128 110 110 126 136 151 167 187 186 164 178 162 147 145 164 172 164 145 157 164 168 171 187 201 192 180 166 157 153 148 151 147 145 164 156 137 116 134 148 128 140 136 130 113 128 108 147 97 206 146 70 93 127 114 161 143 149 191 160 110 118 147 123 118 95 199 66 149 82 141 95 100 105 117 116 98 131 126 118 158 138 115 135
178 198 200 196 208 204 204 206 212 207 185 182 158 137 130 133 111 82 43 86 83 88 220 155 202 169 133 148 141 209 180 120 19 96 103 110 69 103 129 113 126 129 131 128 130 143 134 97 78 59 68 148 149 176 165 172 167 159 166 150 179 160 171 177 178 181 176 177 161 159 139 110 80 93 133 149 160 157 159 164 147 136 133 119 127 133 147 164 149 138 134 136 178 207 141 124 191 137 149 133 156 145 97 131 128 153 124 139 127 108 96 102 164 97 94 90 93 110 116 127 120 125 133 117 137 153 139 123
196 197 201 205 194 196 206 208 201 206 195 196 167 179 116 111 103 134 144 83 104 220 218 167 170 143 212 198 218 178 197 116 127 138 143 66 103 98 123 114 133 128 129 125 136 157 156 133 125 87 72 53 149 157 157 166 158 154 171 198 182 194 179 186 184 170 160 149 143 78 72 76 117 131 121 120 145 138 147 150 141 133 129 127 129 153 138 146 114 138 79 104 72 141 89 130 80 99 88 175 123 195 98 105 138 145 140 140 153 128 104 120 116 128 207 107 74 127 135 121 109 116 124 124 134 146 136 146
200 201 196 189 208 209 201 201 196 190 200 190 167 159 134 113 113 180 150 72 130 155 118 125 213 172 227 166 156 165 186 219 106 131 181 94 56 89 106 97 124 134 125 131 135 141 143 176 161 146 131 66 60 146 161 149 149 164 164 190 187 177 165 161 157 164 161 141 57 97 139 147 158 151 150 156 145 144 159 136 133 133 133 120 149 140 207 115 93 76 141 92 117 156 146 57 74 205 72 146 177 147 118 121 196 162 140 144 185 127 100 133 123 113 88 129 103 110 162 111 128 111 137 127 148 164 162 145
201 196 192 201 210 209 208 194 201 210 189 194 161 168 177 90 51 111 115 43 199 170 185 170 127 226 130 140 206 220 146 169 121 90 86 67 66 113 92 107 121 129 129 138 140 144 135 145 145 141 165 124 68 94 144 159 144 156 149 176 162 176 170 156 160 155 145 69 115 150 148 154 166 162 153 151 135 130 145 149 138 131 119 138 100 143 128 51 210 86 135 148 105 77 124 182 82 79 196 179 86 151 194 124 129 139 168 192 141 126 125 126 114 140 102 82 84 108 119 107 137 119 131 128 144 150 154 143
202 188 192 211 197 201 202 206 200 188 181 176 149 170 136 134 187 113 77 196 140 106 171 200 206 137 167 158 197 208 174 119 95 208 88 74 77 171 110 133 130 129 129 134 138 140 145 171 150 171 151 137 125 95 126 145 135 144 150 148 154 159 151 151 157 158 75 129 137 156 158 157 145 153 153 146 134 140 136 141 135 134 136 106 149 82 208 134 77 114 206 104 135 69 179 66 105 222 170 209 94 108 159 140 149 164 150 140 154 161 212 151 139 102 116 108 128 113 110 140 125 145 125 131 146 143 164 145
198 198 207 211 207 200 207 199 204 167 199 188 145 164 126 123 162 76 119 137 177 136 162 135 186 156 219 185 185 197 192 200 137 188 123 188 67 38 73 139 121 143 144 133 134 154 162 168 164 155 131 146 144 133 100 144 153 145 150 158 155 147 156 162 167 110 135 155 141 144 138 138 140 139 135 130 141 146 139 136 131 134 141 117 97 166 105 98 221 57 86 195 194 128 128 134 117 64 48 206 93 128 113 138 131 162 145 143 182 155 184 165 117 195 159 127 133 130 188 121 130 148 131 131 141 131 160 166
189 204 215 195 205 192 182 187 202 176 178 170 170 149 150 107 143 114 194 118 161 178 196 125 150 134 157 157 161 188 209 83 141 110 196 21 192 177 89 109 148 130 127 150 145 147 155 138 151 161 150 141 151 148 131 92 162 155 158 150 136 145 153 155 119 139 148 147 143 143 134 130 133 129 135 148 148 147 138 137 134 145 124 135 114 147 123 89 170 86 136 145 157 77 137 162 114 146 164 94 187 148 146 185 144 169 162 157 119 153 155 137 134 108 102 107 133 188 121 123 128 135 154 138 146 158 148 159
210 209 202 212 174 192 190 178 204 185 189 179 195 161 156 86 95 72 162 102 120 192 150 175 197 136 185 185 226 221 191 124 180 165 211 165 73 73 87 93 107 120 138 138 138 137 141 146 138 137 134 135 146 150 139 118 93 154 147 165 151 147 153 123 140 161 147 139 137 150 144 139 133 129 135 134 134 134 138 138 127 141 105 136 141 93 110 140 124 80 74 200 83 98 89 67 175 166 90 210 176 92 164 202 200 164 182 151 157 166 148 160 169 171 169 150 130 104 118 148 189 138 140 137 150 146 159 155
206 199 188 182 197 189 184 188 199 179 192 176 178 162 158 151 89 144 180 125 150 133 100 178 119 189 159 216 215 215 199 206 206 99 200 166 59 88 107 130 212 134 126 131 143 130 137 128 131 128 129 138 151 149 135 134 136 155 174 160 169 159 145 133 135 164 137 147 143 140 150 133 158 145 149 138 141 133 139 134 133 158 137 137 84 128 157 63 67 194 52 109 228 179 106 100 129 126 201 99 172 171 108 146 123 165 159 189 204 195 197 181 161 141 134 128 121 125 117 118 137 121 196 144 148 168 165 167
206 182 194 188 196 187 204 202 190 191 186 176 175 199 182 146 114 172 140 138 159 137 139 140 144 202 198 210 206 98 148 218 153 121 204 75 223 82 172 137 98 135 124 147 135 136 137 140 136 129 143 146 144 146 157 138 121 143 149 170 154 162 138 133 161 145 151 138 149 138 144 140 149 139 135 135 135 127 134 129 147 124 174 118 100 93 84 182 65 77 181 70 43 205 178 155 189 198 148 174 164 206 126 174 128 167 205 181 153 191 174 129 190 156 135 124 124 123 123 123 133 146 137 146 155 141 160 159
170 186 192 202 184 191 211 201 196 165 180 176 167 179 140 145 131 144 136 171 162 160 125 167 189 179 185 184 192 107 198 205 157 192 200 217 96 217 105 94 111 161 114 128 135 128 136 134 134 127 123 133 141 141 135 129 131 133 140 146 154 128 136 134 140 147 156 141 136 141 161 147 135 150 141 130 134 134 140 129 129 94 74 226 82 151 65 146 108 149 82 116 158 169 191 144 113 97 160 90 182 155 184 186 195 153 208 191 177 181 198 168 138 127 136 131 138 116 133 129 130 147 151 153 146 157 167 147
202 200 198 181 191 191 192 205 192 185 176 181 175 153 162 100 160 172 139 169 133 140 192 158 208 205 197 131 174 199 211 194 151 212 204 187 212 178 167 136 128 99 148 120 148 150 138 134 130 126 131 127 129 125 139 130 123 133 153 166 149 131 137 147 131 144 134 139 139 136 141 136 148 139 133 129 135 125 136 134 138 97 199 76 221 123 146 157 45 170 167 189 109 187 196 206 137 149 47 136 213 213 169 174 194 220 159 167 210 167 160 157 124 133 136 121 106 131 105 128 137 136 147 156 156 158 168 158
187 188 195 208 190 202 202 194 206 176 182 178 169 188 155 118 181 147 119 159 137 219 195 107 115 146 119 187 121 83 182 150 221 46 166 231 209 181 227 92 189 97 133 198 130 121 125 126 133 125 135 133 127 134 127 134 127 119 150 191 130 131 139 129 148 128 133 138 134 131 138 134 134 137 129 130 126 131 134 145 111 177 70 119 78 192 56 48 82 128 198 179 117 143 165 206 135 144 85 72 154 211 150 204 155 218 205 192 165 157 208 175 157 135 127 137 118 117 121 159 130 140 150 154 147 153 162 164
185 201 207 185 195 204 200 199 191 180 172 172 197 179 143 146 184 161 184 126 145 192 151 129 93 164 148 185 129 145 206 220 180 187 160 206 181 190 162 185 192 111 187 156 120 126 136 113 146 124 125 136 127 131 129 125 129 115 178 155 128 130 139 129 129 126 133 138 145 146 131 134 134 141 129 128 128 134 130 109 207 105 206 172 47 73 197 72 56 177 177 205 216 161 137 102 216 146 185 149 141 217 178 195 198 182 208 198 181 161 167 186 172 146 133 124 129 111 128 139 141 139 144 158 147 138 157 162
199 205 197 200 206 204 197 194 191 188 157 191 151 185 172 179 148 174 141 190 160 182 147 155 146 199 139 221 161 160 221 124 197 204 204 223 219 226 196 205 140 215 79 194 154 194 120 136 113 114 137 126 120 128 127 126 129 114 185 133 121 135 136 129 130 121 130 134 127 121 123 135 166 136 168 131 126 118 110 114 108 206 82 220 120 111 114 191 137 204 205 171 83 113 137 199 194 147 178 192 162 182 190 182 185 140 167 154 205 176 166 164 157 176 109 127 125 119 103 141 135 143 151 161 157 145 147 162
201 188 196 196 190 205 194 188 184 179 179 185 169 185 180 178 141 178 168 148 151 164 150 126 127 204 196 169 179 210 205 171 200 116 219 59 219 218 192 200 222 172 138 128 145 178 107 104 100 124 124 117 143 141 127 158 147 124 179 115 126 146 134 131 143 124 123 129 124 135 131 131 126 154 128 138 129 109 148 134 94 89 197 210 177 75 191 210 205 180 175 210 191 108 137 182 149 204 189 202 200 161 164 190 195 169 180 195 202 199 165 153 156 161 177 134 151 123 123 139 140 157 154 141 155 148 158 162
195 202 190 205 196 176 199 194 165 186 188 177 194 187 187 189 175 176 123 137 137 153 115 126 104 190 219 107 191 148 160 168 158 217 165 221 70 119 221 226 204 219 206 194 223 186 159 151 121 108 115 131 117 119 128 120 119 141 156 174 146 138 131 130 141 140 133 126 125 127 133 130 196 124 137 143 213 156 188 171 119 97 80 212 210 217 168 167 185 196 124 127 213 207 166 97 82 182 221 182 174 212 174 184 186 180 177 186 217 153 151 125 146 150 151 154 126 125 120 119 147 148 165 143 137 151 166 160
200 195 201 187 178 195 198 189 186 176 200 177 180 180 187 126 159 178 171 159 141 136 96 147 123 176 145 190 211 226 205 94 201 158 210 166 218 158 204 149 196 131 223 222 161 108 154 147 211 100 129 108 179 114 114 175 159 116 141 191 120 123 131 125 185 157 130 181 128 128 162 137 128 170 131 154 100 96 170 131 170 113 196 220 172 128 212 197 199 209 97 85 55 209 74 97 104 211 127 170 166 171 196 175 137 130 118 148 130 215 144 147 146 147 138 140 139 137 118 135 145 134 157 136 139 155 166 134
190 199 205 190 189 207 182 159 190 159 164 168 191 178 159 120 168 161 171 125 156 153 141 121 198 149 181 161 219 186 131 146 115 201 158 205 192 199 168 82 186 209 201 200 218 223 209 209 207 137 188 201 160 177 153 153 97 201 107 104 118 116 145 188 156 157 126 125 125 128 117 136 133 97 209 144 211 221 97 213 218 226 148 210 215 200 175 208 97 201 198 137 96 67 225 216 175 181 130 212 151 141 160 175 174 138 171 128 154 156 144 115 145 116 114 130 130 135 125 148 136 155 151 149 147 138 141 145
166 179 188 196 189 190 186 195 171 159 177 182 187 181 178 178 127 158 153 118 188 147 137 174 130 184 121 210 171 174 182 151 125 219 164 204 148 88 213 198 186 219 226 210 216 213 198 217 196 141 196 160 185 200 186 200 139 178 133 144 109 128 176 176 108 182 139 191 113 119 158 201 181 100 212 124 154 147 198 209 181 219 207 202 212 199 169 187 215 182 73 138 99 88 209 150 151 140 147 159 191 154 184 174 150 192 191 164 178 174 175 155 144 139 136 127 140 126 123 151 138 130 138 162 136 146 154 150
185 194 194 187 177 196 175 189 171 167 157 196 167 180 136 159 157 167 125 182 170 146 178 120 177 125 125 156 145 147 195 145 219 179 208 141 190 190 171 213 213 141 167 161 229 210 185 225 213 153 178 121 192 160 188 195 164 180 169 143 187 141 185 178 137 190 137 179 176 174 210 205 205 184 186 211 155 216 223 194 211 182 154 188 177 212 78 124 205 149 117 153 116 165 84 155 141 93 145 143 201 169 148 177 179 162 145 159 169 176 160 134 120 117 118 126 115 121 140 150 124 148 138 148 151 141 146 169
175 185 177 170 186 181 186 180 160 192 192 186 177 158 162 171 184 154 151 147 182 167 134 140 126 136 161 194 179 217 160 136 117 215 217 149 168 210 220 92 194 215 151 145 188 210 146 155 209 181 218 207 220 134 160 177 199 204 209 161 168 184 170 180 198 209 197 115 206 190 187 138 181 189 175 215 218 191 192 182 215 222 216 80 208 120 149 135 148 151 140 92 205 162 102 190 201 169 162 164 160 217 178 179 169 148 127 124 141 130 140 137 123 141 125 118 119 134 136 141 125 139 147 137 164 134 125 159
164 179 184 166 187 162 172 174 166 206 172 179 190 151 147 162 168 166 170 160 175 165 149 141 166 119 123 190 96 164 150 146 175 208 138 140 206 220 186 229 113 135 80 200 150 192 124 178 186 182 166 202 196 110 191 149 192 195 153 195 177 209 177 190 180 204 196 178 220 182 164 158 164 176 130 202 200 149 208 208 179 213 150 98 155 89 230 77 99 223 213 121 191 127 167 128 169 168 159 186 160 192 148 186 111 115 169 191 145 128 103 145 143 110 129 129 123 126 138 159 126 138 145 127 148 138 119 130
182 165 155 190 188 186 180 169 179 179 168 165 192 153 162 159 182 175 177 154 174 134 135 145 146 92 140 205 219 103 165 171 153 210 175 189 180 215 153 198 212 211 217 197 209 167 226 209 204 195 126 177 153 185 167 144 199 191 147 145 177 189 144 207 201 170 192 135 215 196 141 127 138 204 136 168 198 190 127 190 100 194 162 184 77 196 130 140 51 41 172 198 133 104 188 157 191 168 180 168 195 172 177 99 169 170 172 149 129 126 138 102 106 124 131 153 109 114 121 151 117 126 145 149 146 153 129 104
166 184 179 187 184 167 172 182 150 185 159 180 191 160 166 160 154 180 170 157 170 141 107 161 138 111 181 218 96 137 194 162 143 205 185 171 202 210 219 166 211 216 151 216 205 136 212 133 97 223 177 140 130 187 133 154 162 182 154 144 153 177 151 202 134 153 143 133 204 207 141 147 150 157 199 116 145 131 90 212 164 137 172 207 83 99 92 222 165 147 192 135 120 115 168 143 202 176 160 170 146 172 205 186 172 121 129 124 144 124 146 124 116 116 134 136 109 126 154 119 126 138 144 129 140 138 118 126
157 197 175 171 186 172 151 168 184 185 159 156 189 153 157 168 188 161 155 174 141 143 161 144 115 100 189 135 134 123 133 147 201 197 190 210 202 164 182 210 175 189 213 197 187 177 143 157 216 171 189 103 137 107 139 140 141 176 129 141 177 159 154 187 140 151 137 127 188 196 134 125 164 133 168 100 124 217 159 118 211 194 153 92 167 89 178 212 110 107 69 189 161 205 159 135 197 197 166 184 161 139 125 175 119 133 137 165 135 116 148 126 98 130 109 137 117 129 158 148 129 123 134 119 134 146 127 148
194 165 181 178 175 164 174 171 160 175 179 175 166 180 180 170 167 154 159 146 161 157 170 134 124 170 197 103 147 201 94 126 182 184 184 164 198 218 194 223 218 215 215 216 205 139 215 172 178 178 177 176 158 127 133 129 136 127 139 181 128 147 123 204 118 156 146 129 156 204 133 125 129 123 192 107 100 128 199 123 216 138 70 82 99 106 100 180 188 89 135 199 170 108 182 165 139 144 166 176 169 185 123 143 137 129 117 96 121 135 119 129 117 118 126 139 109 125 127 125 159 137 120 124 121 131 140 129
184 150 159 158 175 156 175 160 164 164 179 182 170 185 195 168 178 155 164 127 171 176 133 116 133 158 164 89 114 108 111 114 207 188 136 194 205 205 220 179 191 209 202 204 218 201 179 209 138 149 171 174 100 107 117 111 109 130 190 124 134 134 138 184 164 144 115 121 143 147 161 137 114 119 146 110 99 138 128 176 199 80 181 79 181 127 89 165 179 94 162 172 187 151 131 153 95 154 136 175 135 153 129 111 124 123 130 128 140 103 128 130 118 117 119 131 124 104 117 134 150 155 131 119 108 136 130 128
156 145 167 179 155 170 161 148 169 166 174 176 182 185 179 165 174 128 166 137 154 167 162 116 128 155 149 107 117 98 95 154 146 178 126 164 220 179 184 208 201 189 206 169 211 205 198 177 135 205 155 191 159 150 106 102 187 114 168 115 167 110 113 150 120 116 129 124 138 127 220 207 133 194 103 149 141 113 175 211 202 135 126 198 194 151 189 174 217 207 156 175 201 153 217 172 151 160 115 128 131 128 121 137 156 129 115 126 124 119 120 125 128 94 124 160 140 110 135 103 125 131 125 125 116 130 124 129
181 177 169 160 147 159 178 169 179 178 192 174 161 179 169 177 165 167 161 169 148 159 134 127 123 124 153 137 130 174 87 82 202 161 181 174 205 176 181 209 209 200 201 208 211 209 206 201 208 200 202 172 204 154 144 116 105 195 108 182 156 135 137 168 99 114 147 140 148 202 209 161 147 105 127 202 172 126 207 154 215 151 174 113 194 169 200 185 182 160 179 182 180 198 188 172 126 154 127 135 120 144 134 118 141 124 121 120 126 118 130 115 116 73 99 148 126 96 148 125 109 126 119 128 139 97 92 111
169 182 131 139 144 169 165 158 185 179 182 171 166 162 158 182 158 178 171 143 148 149 145 144 156 126 141 74 146 102 89 83 156 117 151 196 182 191 202 216 216 198 176 204 220 199 187 218 187 202 179 206 186 191 192 160 138 200 184 120 191 137 118 188 130 157 194 174 159 194 162 195 119 180 200 157 188 136 161 104 212 202 204 164 171 216 194 185 213 189 172 160 161 154 194 167 172 153 133 111 140 121 175 119 117 141 114 130 125 99 104 124 99 90 120 128 120 134 144 125 97 97 114 106 117 89 80 88
169 153 166 146 165 166 169 170 158 164 169 165 169 166 141 167 169 156 153 129 157 160 138 149 153 83 115 118 145 144 97 108 78 137 151 167 153 187 191 201 184 192 198 208 171 207 210 202 213 204 209 200 175 177 196 199 192 165 199 207 198 201 149 189 155 167 194 199 181 180 170 181 187 208 197 208 194 199 177 197 189 196 190 179 196 189 218 171 200 220 174 160 138 178 139 187 139 141 164 130 157 123 136 120 154 140 139 128 94 109 80 121 110 99 103 144 118 164 120 126 93 103 128 108 99 110 83 77
179 150 150 159 150 166 169 153 151 168 168 157 161 182 184 169 159 148 137 156 150 144 133 143 120 97 105 111 109 90 104 120 82 144 116 146 185 117 210 175 177 207 216 179 212 206 205 210 207 206 196 188 216 212 185 199 192 197 195 186 146 196 192 196 196 200 200 186 190 195 199 201 202 199 188 199 180 187 159 165 197 210 206 202 189 206 207 208 187 181 194 161 170 166 143 174 146 110 164 115 82 104 85 115 90 96 98 95 116 92 96 125 79 107 110 108 117 149 115 105 108 111 116 120 96 88 114 90
137 161 158 129 157 148 135 160 150 162 148 156 168 180 184 159 155 170 148 139 164 148 121 156 127 116 110 115 127 123 92 133 76 167 109 87 151 204 144 191 195 207 210 218 205 216 194 212 180 202 215 212 208 208 207 201 202 219 190 148 176 197 192 197 194 206 205 208 185 184 191 202 197 204 210 192 195 207 205 204 201 199 205 194 198 212 222 209 189 172 201 169 141 148 144 130 119 153 133 130 111 82 98 110 93 87 76 111 116 80 90 96 95 126 86 131 88 138 145 88 105 105 80 90 121 105 110 95
123 154 146 145 165 166 151 176 148 156 158 138 171 180 180 154 155 160 146 147 167 155 135 125 136 117 124 129 126 128 89 89 137 138 165 78 175 125 158 189 197 209 180 186 210 208 206 196 200 212 207 212 194 208 212 209 198 215 216 208 209 204 187 199 207 208 197 209 209 204 201 211 209 209 207 201 191 210 213 194 204 211 202 208 189 186 218 186 189 179 189 121 147 172 124 139 118 139 120 88 62 97 79 66 98 59 83 90 137 103 68 115 108 115 100 100 100 140 137 102 126 84 86 104 90 85 95 96
